#  -------------------------------------------------------------------------
#  Knowledge-based membrane potentials
#  used in the following paper
#  Nugent T, Jones DT. Membrane protein orientation and refinement using a
#  knowledge-based statistical potential. BMC bioinformatics. 2013;14: 276.
#  doi:10.1186/1471-2105-14-276
#  -------------------------------------------------------------------------
# Name:betamempot
# rows_in_order:"ALA","ARG","ASN","ASP","CYS","GLN","GLU","GLY","HIS","ILE","LEU","LYS","MET","PHE","PRO","SER","THR","TRP","TYR","VAL"
# z-slice width: 1.5 angstroms
# thickness: 48 angstroms
# layers: 32 + in/out = 34 cols
2.1883,2.5123,2.5123,2.3191,3.434,2.5813,2.8134,2.6194,2.9191,2.9277,2.6271,2.7651,2.6527,2.4372,2.2463,1.9134,1.8433,2.1743,2.1691,2.1367,2.5762,2.3514,2.7033,2.6198,2.9704,3.054,2.6415,2.8434,2.8674,2.6794,2.5353,2.8094,2.6696,2.5063
3.3277,3.6109,3.6109,4.1109,2.7408,5.2204,3.1236,2.8772,3.0732,3.5695,3.3202,2.7651,3.4259,3.1304,2.7651,3.1406,3.042,3.0704,3.6424,3.399,3.2122,2.8702,2.991,3.313,2.6603,2.5532,2.5123,2.4235,2.7804,2.6053,2.5704,2.3711,2.5863,3.2315
3.4613,3.6109,3.6109,2.5014,3.2108,2.2246,2.1893,2.2447,2.5296,2.8276,3.9488,3.3449,3.1382,2.9678,3.3449,3.3348,3.2139,3.7635,3.4012,3.0625,3.2693,3.2558,3.2023,3.4561,2.9704,2.4944,2.3453,2.29,2.9627,2.6053,2.4369,2.7606,2.4378,2.563
2.5168,2.2246,1.665,1.713,1.6848,1.5568,1.8579,2.4146,2.6314,3.0995,2.9838,3.2759,3.3458,3.3245,3.419,2.6416,3.5886,3.2935,3.5553,3.5421,3.1581,2.911,3.2023,3.382,3.2282,2.7916,2.3199,2.368,2.3475,2.2487,2.5353,2.1416,2.2788,2.4018
5.4072,3.6109,3.6109,4.1109,4.8203,5.2204,5.5215,5.7104,5.9636,5.8721,6.0283,5.9839,5.9108,5.9636,5.9839,5.9738,5.9865,6.0661,6.0403,6.107,6.1026,6.089,6.0355,6.021,5.3683,6.0497,6.0088,5.9789,5.9584,5.9375,5.9026,5.8051,5.8051,5.5588
3.2099,2.9178,3.6109,3.4177,3.2108,2.5123,3.0366,3.4078,3.3245,3.1641,3.6304,3.419,3.7136,3.3245,3.499,4.1821,3.6839,3.5012,3.4753,3.399,3.33,3.6911,3.3964,3.0253,2.7656,2.6157,2.7899,2.8434,3.1858,3.2295,2.9069,3.1661,3.0971,3.2074
2.9223,3.6109,3.6109,3.0123,2.0477,2.8225,2.6882,3.0714,3.4787,3.5695,3.6304,4.038,3.7136,3.3986,3.419,3.3348,3.2784,3.4271,3.1499,3.6221,3.2693,3.6041,3.2023,3.382,3.4965,3.1594,3.1756,3.2063,2.8229,3.1649,3.0123,2.9719,2.7606,3.2234
2.6991,1.665,2.2246,2.7246,2.1122,1.8882,2.1893,2.1269,2.2259,2.3168,2.8094,3.1507,2.5096,2.1794,2.5182,2.1452,1.9975,1.7354,1.7776,1.7632,2.2959,2.2604,2.2513,1.978,2.3479,2.5532,2.5431,2.1947,2.1518,2.1089,2.2391,2.5863,2.547,2.1329
4.714,2.2246,3.6109,3.4177,3.434,3.8341,4.4228,4.3241,3.5657,4.4858,3.4633,4.038,4.5245,4.865,4.5976,4.8752,4.8878,4.6798,6.0403,5.0084,5.0039,4.9904,4.6492,3.8238,3.982,4.4403,3.4439,4.3694,3.4735,3.8581,4.2932,4.1957,4.4188,4.306
2.7681,3.6109,2.5123,4.1109,4.1271,5.2204,4.1352,3.631,3.8841,3.1641,3.3202,2.9882,3.1382,3.191,2.9394,3.0294,3.7892,3.2329,3.1499,3.468,2.5762,2.8309,2.9,3.7184,3.4224,3.3417,3.6109,3.494,3.5605,3.7403,3.8232,4.0134,3.6079,3.3075
2.2717,2.9178,3.6109,4.1109,4.1271,3.6109,3.2189,2.8201,2.4978,2.0655,2.2216,2.2463,2.1266,2.2259,2.1773,2.1452,2.3229,2.0231,1.9972,2.1558,2.1323,2.6878,2.6682,2.6198,2.8034,3.1053,3.1184,3.2708,3.1858,3.635,3.1946,3.0325,3.6079,2.7504
3.2099,3.6109,2.5123,2.3191,3.2108,3.2744,2.9565,2.8201,2.9191,3.3072,3.3202,3.586,3.5129,3.661,3.2113,3.1406,3.907,3.9867,3.9608,4.1611,4.0231,3.6041,3.7329,4.0751,3.4224,3.5648,3.3698,3.0344,2.7003,2.3822,2.7671,2.5863,2.3394,3.0532
5.4072,3.6109,2.9178,4.1109,4.1271,5.2204,4.8283,4.101,4.0177,4.7735,4.642,3.7867,4.8122,5.2704,3.9045,4.0279,4.1947,3.6682,3.5553,3.3344,3.6177,5.3959,4.0896,3.7184,3.8642,3.6518,4.0629,3.8994,4.0125,4.3281,4.1109,5.8051,4.7065,4.6425
3.3277,3.6109,3.6109,4.1109,4.1271,5.2204,4.4228,2.6194,2.5624,2.1109,2.1781,2.6881,2.5786,2.6677,3.2113,3.2658,2.9907,3.3581,3.2677,3.2167,3.1068,3.2558,2.9,3.0766,2.8034,3.1053,3.6109,3.7817,3.5605,3.3726,3.7054,3.8592,3.7257,3.6248
2.574,3.6109,2.9178,2.7246,2.5177,3.4286,2.577,2.6659,2.9678,3.2331,3.9488,3.9045,4.8122,3.3986,3.9045,4.5875,3.5886,3.9867,5.3471,4.7207,3.4635,3.6911,3.956,3.8238,3.7589,4.6634,4.2171,3.6763,3.1252,3.7403,3.5047,3.4072,3.3202,3.0878
3.4613,3.6109,3.6109,3.0123,2.5177,2.33,2.6882,3.0024,3.2555,3.1641,2.6271,2.373,2.5435,2.9191,2.6517,2.8828,2.5525,2.6988,2.6063,2.6105,2.9245,2.6233,2.7033,2.6537,2.4779,2.4662,2.3712,2.29,2.4619,2.5363,2.2917,2.0439,2.7141,2.4602
2.6991,2.9178,3.6109,2.7246,2.8744,2.9178,2.6311,2.7147,2.4978,2.614,2.3394,2.5827,2.6919,2.4372,2.8484,2.9781,2.9419,2.6988,2.7822,2.8881,2.6368,2.5925,2.991,2.93,2.6275,2.3862,2.3979,2.683,2.7804,2.893,2.6068,2.8094,2.6696,2.5672
4.714,3.6109,3.6109,4.1109,4.8203,5.2204,4.1352,5.7104,2.8281,2.8276,3.1379,3.419,3.0204,3.4787,4.1922,4.8752,4.8878,4.9675,4.4308,4.4976,4.4931,3.6911,3.3964,3.0253,3.0657,3.3417,3.6109,4.3694,3.879,4.5512,5.9026,4.1957,3.8592,4.3801
3.6154,3.6109,3.6109,4.1109,4.8203,5.2204,5.5215,3.7645,3.7664,3.7927,2.5019,2.1338,2.2999,2.8725,2.6517,3.2012,3.1532,3.2329,3.0958,2.7748,2.6061,2.2604,1.9924,2.109,2.3003,2.8309,3.4439,3.2708,3.014,2.802,3.13,3.0325,3.4072,2.9377
2.2291,3.6109,3.6109,3.0123,4.8203,5.2204,3.912,4.3241,3.3245,2.8276,2.8502,2.6166,2.3554,2.5624,2.2463,2.3629,2.2729,2.5397,2.4293,2.4961,2.3649,2.4002,2.4801,2.5245,3.1711,2.7539,3.5239,3.581,3.2504,3.4526,3.4177,3.6079,2.9148,3.273
